69.210999
69.310997
109.393997
105.088997
108.516998
121.371002
116.108002
102.723999
106.433998
105.499001
98.405998
108.320999
105.349998
107.735001
112.448997
108.123001
102.722000
100.857002
100.662003
101.851997
103.106003
108.293999
103.412003
151.156998
103.331001
101.995003
163.255005
103.115997
155.371994
157.194000
157.399994
106.414001
170.212997
108.761002
167.817001
162.600998
108.552002
170.792007
170.798004
171.141998
169.067001
177.050003
172.498001
176.910995
187.923004
191.039001
188.615005
179.343002
177.160995
179.093994
181.884995
202.731003
197.919006
187.923996
197.830994
199.186996
191.470001
213.862000
210.557007
201.945007
213.229996
216.102997
203.723007
210.138000
210.181000
202.716003
209.593002
204.033997
211.737000
207.229004
214.983002
208.423996
217.115005
213.667007
211.268997
222.005005
213.544998
223.029999
213.742004
223.802994
218.171005
217.720993
203.085007
218.358994
215.664993
202.972000
211.171005
202.914993
212.776993
212.455002
203.300003
210.404007
208.602005
201.628998
208.240005
208.360992
208.792007
208.906998
208.973007
207.945999
